0 1
1 2
2 3
3 4
4 5
5 6
6 7
7 8
8 9
9 10
10 11
11 12
12 13
13 14
14 15
15 16
16 17
17 18
18 19
19 20
20 21
21 22
22 23
23 24
24 25
25 26
26 27
27 28
28 29
29 30
30 31
31 32
32 33
33 34
34 35
35 36
36 37
37 38
38 39
39 40
40 45
45 50
50 55
55 60
60 65
65 70
70 75
75 80
80 85
85 90
90 100
100 110
110 120
120 130
130 140
140 150
150 160
160 170
170 180
180 190
190 200
200 220
220 240
240 260
260 280
280 300
300 320
320 340
340 360
360 380
380 400
400 450
450 500
500 550
550 600
600 650
650 700
700 750
750 800
800 850
850 900
900 950
950 1000
1000 1050
1050 1100
1100 1150
1150 1200
1200 1300
1300 1400
1400 1500
1500 1600
1600 1700
1700 1800
1800 1900
1900 2000
2000 2100
2100 2200
2200 2300
2300 2400
2400 2500
2500 2600
2600 2700
2700 2800
2800 2900
2900 3000
3000 3500
3500 4000
4000 4500
4500 5000
5000 5500
5500 6000
6000 6500
6500 7000
7000 7500
7500 8000
8000 8500
8500 9000
9000 9500
9500 10000
10000 11000
11000 12000
12000 13000
13000 14000
14000 15000
15000 16000
16000 17000
17000 18000
18000 19000
19000 20000
20000 22500
22500 25000
25000 27500
27500 30000
30000 32500
32500 35000
35000 37500
37500 40000
40000 42500
42500 45000
45000 47500
47500 50000
50000 55000
55000 60000
60000 65000
65000 70000
70000 77500
77500 85000
85000 100000
100000 180000
180000 250000
250000 500000
500000 750000
750000 1500000000